11111111
11111112
11111113
11111121
11111122
11111123
11111131
11111132
11111133
11111211
11111212
11111213
11111221
11111222
11111223
11111231
11111232
11111233
11111311
11111312
11111313
11111321
11111322
11111323
11111331
11111332
11111333
11112111
11112112
11112113
11112121
11112122
11112123
11112131
11112132
11112133
11112211
11112212
11112213
11112221
11112222
11112223
11112231
11112232
11112233
11112311
11112312
11112313
11112321
11112322
11112323
11112331
11112332
11112333
11113111
11113112
11113113
11113121
11113122
11113123
11113131
11113132
11113133
11113211
11113212
11113213
11113221
11113222
11113223
11113231
11113232
11113233
11113311
11113312
11113313
11113321
11113322
11113323
11113331
11113332
11113333
11121111
11121112
11121113
11121121
11121122
11121123
11121131
11121132
11121133
11121211
11121212
11121213
11121221
11121222
11121223
11121231
11121232
11121233
11121311
11121312
11121313
11121321
11121322
11121323
11121331
11121332
11121333
11122111
11122112
11122113
11122121
11122122
11122123
11122131
11122132
11122133
11122211
11122212
11122213
11122221
11122222
11122223
11122231
11122232
11122233
11122311
11122312
11122313
11122321
11122322
11122323
11122331
11122332
11122333
11123111
11123112
11123113
11123121
11123122
11123123
11123131
11123132
11123133
11123211
11123212
11123213
11123221
11123222
11123223
11123231
11123232
11123233
11123311
11123312
11123313
11123321
11123322
11123323
11123331
11123332
11123333
11131111
11131112
11131113
11131121
11131122
11131123
11131131
11131132
11131133
11131211
11131212
11131213
11131221
11131222
11131223
11131231
11131232
11131233
11131311
11131312
11131313
11131321
11131322
11131323
11131331
11131332
11131333
11132111
11132112
11132113
11132121
11132122
11132123
11132131
11132132
11132133
11132211
11132212
11132213
11132221
11132222
11132223
11132231
11132232
11132233
11132311
11132312
11132313
11132321
11132322
11132323
11132331
11132332
11132333
11133111
11133112
11133113
11133121
11133122
11133123
11133131
11133132
11133133
11133211
11133212
11133213
11133221
11133222
11133223
11133231
11133232
11133233
11133311
11133312
11133313
11133321
11133322
11133323
11133331
11133332
11133333
11211111
11211112
11211113
11211121
11211122
11211123
11211131
11211132
11211133
11211211
11211212
11211213
11211221
11211222
11211223
11211231
11211232
11211233
11211311
11211312
11211313
11211321
11211322
11211323
11211331
11211332
11211333
11212111
11212112
11212113
11212121
11212122
11212123
11212131
11212132
11212133
11212211
11212212
11212213
11212221
11212222
11212223
11212231
11212232
11212233
11212311
11212312
11212313
11212321
11212322
11212323
11212331
11212332
11212333
11213111
11213112
11213113
11213121
11213122
11213123
11213131
11213132
11213133
11213211
11213212
11213213
11213221
11213222
11213223
11213231
11213232
11213233
11213311
11213312
11213313
11213321
11213322
11213323
11213331
11213332
11213333
11221111
11221112
11221113
11221121
11221122
11221123
11221131
11221132
11221133
11221211
11221212
11221213
11221221
11221222
11221223
11221231
11221232
11221233
11221311
11221312
11221313
11221321
11221322
11221323
11221331
11221332
11221333
11222111
11222112
11222113
11222121
11222122
11222123
11222131
11222132
11222133
11222211
11222212
11222213
11222221
11222222
11222223
11222231
11222232
11222233
11222311
11222312
11222313
11222321
11222322
11222323
11222331
11222332
11222333
11223111
11223112
11223113
11223121
11223122
11223123
11223131
11223132
11223133
11223211
11223212
11223213
11223221
11223222
11223223
11223231
11223232
11223233
11223311
11223312
11223313
11223321
11223322
11223323
11223331
11223332
11223333
11231111
11231112
11231113
11231121
11231122
11231123
11231131
11231132
11231133
11231211
11231212
11231213
11231221
11231222
11231223
11231231
11231232
11231233
11231311
11231312
11231313
11231321
11231322
11231323
11231331
11231332
11231333
11232111
11232112
11232113
11232121
11232122
11232123
11232131
11232132
11232133
11232211
11232212
11232213
11232221
11232222
11232223
11232231
11232232
11232233
11232311
11232312
11232313
11232321
11232322
11232323
11232331
11232332
11232333
11233111
11233112
11233113
11233121
11233122
11233123
11233131
11233132
11233133
11233211
11233212
11233213
11233221
11233222
11233223
11233231
11233232
11233233
11233311
11233312
11233313
11233321
11233322
11233323
11233331
11233332
11233333
11311111
11311112
11311113
11311121
11311122
11311123
11311131
11311132
11311133
11311211
11311212
11311213
11311221
11311222
11311223
11311231
11311232
11311233
11311311
11311312
11311313
11311321
11311322
11311323
11311331
11311332
11311333
11312111
11312112
11312113
11312121
11312122
11312123
11312131
11312132
11312133
11312211
11312212
11312213
11312221
11312222
11312223
11312231
11312232
11312233
11312311
11312312
11312313
11312321
11312322
11312323
11312331
11312332
11312333
11313111
11313112
11313113
11313121
11313122
11313123
11313131
11313132
11313133
11313211
11313212
11313213
11313221
11313222
11313223
11313231
11313232
11313233
11313311
11313312
11313313
11313321
11313322
11313323
11313331
11313332
11313333
11321111
11321112
11321113
11321121
11321122
11321123
11321131
11321132
11321133
11321211
11321212
11321213
11321221
11321222
11321223
11321231
11321232
11321233
11321311
11321312
11321313
11321321
11321322
11321323
11321331
11321332
11321333
11322111
11322112
11322113
11322121
11322122
11322123
11322131
11322132
11322133
11322211
11322212
11322213
11322221
11322222
11322223
11322231
11322232
11322233
11322311
11322312
11322313
11322321
11322322
11322323
11322331
11322332
11322333
11323111
11323112
11323113
11323121
11323122
11323123
11323131
11323132
11323133
11323211
11323212
11323213
11323221
11323222
11323223
11323231
11323232
11323233
11323311
11323312
11323313
11323321
11323322
11323323
11323331
11323332
11323333
11331111
11331112
11331113
11331121
11331122
11331123
11331131
11331132
11331133
11331211
11331212
11331213
11331221
11331222
11331223
11331231
11331232
11331233
11331311
11331312
11331313
11331321
11331322
11331323
11331331
11331332
11331333
11332111
11332112
11332113
11332121
11332122
11332123
11332131
11332132
11332133
11332211
11332212
11332213
11332221
11332222
11332223
11332231
11332232
11332233
11332311
11332312
11332313
11332321
11332322
11332323
11332331
11332332
11332333
11333111
11333112
11333113
11333121
11333122
11333123
11333131
11333132
11333133
11333211
11333212
11333213
11333221
11333222
11333223
11333231
11333232
11333233
11333311
11333312
11333313
11333321
11333322
11333323
11333331
11333332
11333333
12111111
12111112
12111113
12111121
12111122
12111123
12111131
12111132
12111133
12111211
12111212
12111213
12111221
12111222
12111223
12111231
12111232
12111233
12111311
12111312
12111313
12111321
12111322
12111323
12111331
12111332
12111333
12112111
12112112
12112113
12112121
12112122
12112123
12112131
12112132
12112133
12112211
12112212
12112213
12112221
12112222
12112223
12112231
12112232
12112233
12112311
12112312
12112313
12112321
12112322
12112323
12112331
12112332
12112333
12113111
12113112
12113113
12113121
12113122
12113123
12113131
12113132
12113133
12113211
12113212
12113213
12113221
12113222
12113223
12113231
12113232
12113233
12113311
12113312
12113313
12113321
12113322
12113323
12113331
12113332
12113333
12121111
12121112
12121113
12121121
12121122
12121123
12121131
12121132
12121133
12121211
12121212
12121213
12121221
12121222
12121223
12121231
12121232
12121233
12121311
12121312
12121313
12121321
12121322
12121323
12121331
12121332
12121333
12122111
12122112
12122113
12122121
12122122
12122123
12122131
12122132
12122133
12122211
12122212
12122213
12122221
12122222
12122223
12122231
12122232
12122233
12122311
12122312
12122313
12122321
12122322
12122323
12122331
12122332
12122333
12123111
12123112
12123113
12123121
12123122
12123123
12123131
12123132
12123133
12123211
12123212
12123213
12123221
12123222
12123223
12123231
12123232
12123233
12123311
12123312
12123313
12123321
12123322
12123323
12123331
12123332
12123333
12131111
12131112
12131113
12131121
12131122
12131123
12131131
12131132
12131133
12131211
12131212
12131213
12131221
12131222
12131223
12131231
12131232
12131233
12131311
12131312
12131313
12131321
12131322
12131323
12131331
12131332
12131333
12132111
12132112
12132113
12132121
12132122
12132123
12132131
12132132
12132133
12132211
12132212
12132213
12132221
12132222
12132223
12132231
12132232
12132233
12132311
12132312
12132313
12132321
12132322
12132323
12132331
12132332
12132333
12133111
12133112
12133113
12133121
12133122
12133123
12133131
12133132
12133133
12133211
12133212
12133213
12133221
12133222
12133223
12133231
12133232
12133233
12133311
12133312
12133313
12133321
12133322
12133323
12133331
12133332
12133333
12211111
12211112
12211113
12211121
12211122
12211123
12211131
12211132
12211133
12211211
12211212
12211213
12211221
12211222
12211223
12211231
12211232
12211233
12211311
12211312
12211313
12211321
12211322
12211323
12211331
12211332
12211333
12212111
12212112
12212113
12212121
12212122
12212123
12212131
12212132
12212133
12212211
12212212
12212213
12212221
12212222
12212223
12212231
12212232
12212233
12212311
12212312
12212313
12212321
12212322
12212323
12212331
12212332
12212333
12213111
12213112
12213113
12213121
12213122
12213123
12213131
12213132
12213133
12213211
12213212
12213213
12213221
12213222
12213223
12213231
12213232
12213233
12213311
12213312
12213313
12213321
12213322
12213323
12213331
12213332
12213333
12221111
12221112
12221113
12221121
12221122
12221123
12221131
12221132
12221133
12221211
12221212
12221213
12221221
12221222
12221223
12221231
12221232
12221233
12221311
12221312
12221313
12221321
12221322
12221323
12221331
12221332
12221333
12222111
12222112
12222113
12222121
12222122
12222123
12222131
12222132
12222133
12222211
12222212
12222213
12222221
12222222
12222223
12222231
12222232
12222233
12222311
12222312
12222313
12222321
12222322
12222323
12222331
12222332
12222333
12223111
12223112
12223113
12223121
12223122
12223123
12223131
12223132
12223133
12223211
12223212
12223213
12223221
12223222
12223223
12223231
12223232
12223233
12223311
12223312
12223313
12223321
12223322
12223323
12223331
12223332
12223333
12231111
12231112
12231113
12231121
12231122
12231123
12231131
12231132
12231133
12231211
12231212
12231213
12231221
12231222
12231223
12231231
12231232
12231233
12231311
12231312
12231313
12231321
12231322
12231323
12231331
12231332
12231333
12232111
12232112
12232113
12232121
12232122
12232123
12232131
12232132
12232133
12232211
12232212
12232213
12232221
12232222
12232223
12232231
12232232
12232233
12232311
12232312
12232313
12232321
12232322
12232323
12232331
12232332
12232333
12233111
12233112
12233113
12233121
12233122
12233123
12233131
12233132
12233133
12233211
12233212
12233213
12233221
12233222
12233223
12233231
12233232
12233233
12233311
12233312
12233313
12233321
12233322
12233323
12233331
12233332
12233333
12311111
12311112
12311113
12311121
12311122
12311123
12311131
12311132
12311133
12311211
12311212
12311213
12311221
12311222
12311223
12311231
12311232
12311233
12311311
12311312
12311313
12311321
12311322
12311323
12311331
12311332
12311333
12312111
12312112
12312113
12312121
12312122
12312123
12312131
12312132
12312133
12312211
12312212
12312213
12312221
12312222
12312223
12312231
12312232
12312233
12312311
12312312
12312313
12312321
12312322
12312323
12312331
12312332
12312333
12313111
12313112
12313113
12313121
12313122
12313123
12313131
12313132
12313133
12313211
12313212
12313213
12313221
12313222
12313223
12313231
12313232
12313233
12313311
12313312
12313313
12313321
12313322
12313323
12313331
12313332
12313333
12321111
12321112
12321113
12321121
12321122
12321123
12321131
12321132
12321133
12321211
12321212
12321213
12321221
12321222
12321223
12321231
12321232
12321233
12321311
12321312
12321313
12321321
12321322
12321323
12321331
12321332
12321333
12322111
12322112
12322113
12322121
12322122
12322123
12322131
12322132
12322133
12322211
12322212
12322213
12322221
12322222
12322223
12322231
12322232
12322233
12322311
12322312
12322313
12322321
12322322
12322323
12322331
12322332
12322333
12323111
12323112
12323113
12323121
12323122
12323123
12323131
12323132
12323133
12323211
12323212
12323213
12323221
12323222
12323223
12323231
12323232
12323233
12323311
12323312
12323313
12323321
12323322
12323323
12323331
12323332
12323333
12331111
12331112
12331113
12331121
12331122
12331123
12331131
12331132
12331133
12331211
12331212
12331213
12331221
12331222
12331223
12331231
12331232
12331233
12331311
12331312
12331313
12331321
12331322
12331323
12331331
12331332
12331333
12332111
12332112
12332113
12332121
12332122
12332123
12332131
12332132
12332133
12332211
12332212
12332213
12332221
12332222
12332223
12332231
12332232
12332233
12332311
12332312
12332313
12332321
12332322
12332323
12332331
12332332
12332333
12333111
12333112
12333113
12333121
12333122
12333123
12333131
12333132
12333133
12333211
12333212
12333213
12333221
12333222
12333223
12333231
12333232
12333233
12333311
12333312
12333313
12333321
12333322
12333323
12333331
12333332
12333333
13111111
13111112
13111113
13111121
13111122
13111123
13111131
13111132
13111133
13111211
13111212
13111213
13111221
13111222
13111223
13111231
13111232
13111233
13111311
13111312
13111313
13111321
13111322
13111323
13111331
13111332
13111333
13112111
13112112
13112113
13112121
13112122
13112123
13112131
13112132
13112133
13112211
13112212
13112213
13112221
13112222
13112223
13112231
13112232
13112233
13112311
13112312
13112313
13112321
13112322
13112323
13112331
13112332
13112333
13113111
13113112
13113113
13113121
13113122
13113123
13113131
13113132
13113133
13113211
13113212
13113213
13113221
13113222
13113223
13113231
13113232
13113233
13113311
13113312
13113313
13113321
13113322
13113323
13113331
13113332
13113333
13121111
13121112
13121113
13121121
13121122
13121123
13121131
13121132
13121133
13121211
13121212
13121213
13121221
13121222
13121223
13121231
13121232
13121233
13121311
13121312
13121313
13121321
13121322
13121323
13121331
13121332
13121333
13122111
13122112
13122113
13122121
13122122
13122123
13122131
13122132
13122133
13122211
13122212
13122213
13122221
13122222
13122223
13122231
13122232
13122233
13122311
13122312
13122313
13122321
13122322
13122323
13122331
13122332
13122333
13123111
13123112
13123113
13123121
13123122
13123123
13123131
13123132
13123133
13123211
13123212
13123213
13123221
13123222
13123223
13123231
13123232
13123233
13123311
13123312
13123313
13123321
13123322
13123323
13123331
13123332
13123333
13131111
13131112
13131113
13131121
13131122
13131123
13131131
13131132
13131133
13131211
13131212
13131213
13131221
13131222
13131223
13131231
13131232
13131233
13131311
13131312
13131313
13131321
13131322
13131323
13131331
13131332
13131333
13132111
13132112
13132113
13132121
13132122
13132123
13132131
13132132
13132133
13132211
13132212
13132213
13132221
13132222
13132223
13132231
13132232
13132233
13132311
13132312
13132313
13132321
13132322
13132323
13132331
13132332
13132333
13133111
13133112
13133113
13133121
13133122
13133123
13133131
13133132
13133133
13133211
13133212
13133213
13133221
13133222
13133223
13133231
13133232
13133233
13133311
13133312
13133313
13133321
13133322
13133323
13133331
13133332
13133333
13211111
13211112
13211113
13211121
13211122
13211123
13211131
13211132
13211133
13211211
13211212
13211213
13211221
13211222
13211223
13211231
13211232
13211233
13211311
13211312
13211313
13211321
13211322
13211323
13211331
13211332
13211333
13212111
13212112
13212113
13212121
13212122
13212123
13212131
13212132
13212133
13212211
13212212
13212213
13212221
13212222
13212223
13212231
13212232
13212233
13212311
13212312
13212313
13212321
13212322
13212323
13212331
13212332
13212333
13213111
13213112
13213113
13213121
13213122
13213123
13213131
13213132
13213133
13213211
13213212
13213213
13213221
13213222
13213223
13213231
13213232
13213233
13213311
13213312
13213313
13213321
13213322
13213323
13213331
13213332
13213333
13221111
13221112
13221113
13221121
13221122
13221123
13221131
13221132
13221133
13221211
13221212
13221213
13221221
13221222
13221223
13221231
13221232
13221233
13221311
13221312
13221313
13221321
13221322
13221323
13221331
13221332
13221333
13222111
13222112
13222113
13222121
13222122
13222123
13222131
13222132
13222133
13222211
13222212
13222213
13222221
13222222
13222223
13222231
13222232
13222233
13222311
13222312
13222313
13222321
13222322
13222323
13222331
13222332
13222333
13223111
13223112
13223113
13223121
13223122
13223123
13223131
13223132
13223133
13223211
13223212
13223213
13223221
13223222
13223223
13223231
13223232
13223233
13223311
13223312
13223313
13223321
13223322
13223323
13223331
13223332
13223333
13231111
13231112
13231113
13231121
13231122
13231123
13231131
13231132
13231133
13231211
13231212
13231213
13231221
13231222
13231223
13231231
13231232
13231233
13231311
13231312
13231313
13231321
13231322
13231323
13231331
13231332
13231333
13232111
13232112
13232113
13232121
13232122
13232123
13232131
13232132
13232133
13232211
13232212
13232213
13232221
13232222
13232223
13232231
13232232
13232233
13232311
13232312
13232313
13232321
13232322
13232323
13232331
13232332
13232333
13233111
13233112
13233113
13233121
13233122
13233123
13233131
13233132
13233133
13233211
13233212
13233213
13233221
13233222
13233223
13233231
13233232
13233233
13233311
13233312
13233313
13233321
13233322
13233323
13233331
13233332
13233333
13311111
13311112
13311113
13311121
13311122
13311123
13311131
13311132
13311133
13311211
13311212
13311213
13311221
13311222
13311223
13311231
13311232
13311233
13311311
13311312
13311313
13311321
13311322
13311323
13311331
13311332
13311333
13312111
13312112
13312113
13312121
13312122
13312123
13312131
13312132
13312133
13312211
13312212
13312213
13312221
13312222
13312223
13312231
13312232
13312233
13312311
13312312
13312313
13312321
13312322
13312323
13312331
13312332
13312333
13313111
13313112
13313113
13313121
13313122
13313123
13313131
13313132
13313133
13313211
13313212
13313213
13313221
13313222
13313223
13313231
13313232
13313233
13313311
13313312
13313313
13313321
13313322
13313323
13313331
13313332
13313333
13321111
13321112
13321113
13321121
13321122
13321123
13321131
13321132
13321133
13321211
13321212
13321213
13321221
13321222
13321223
13321231
13321232
13321233
13321311
13321312
13321313
13321321
13321322
13321323
13321331
13321332
13321333
13322111
13322112
13322113
13322121
13322122
13322123
13322131
13322132
13322133
13322211
13322212
13322213
13322221
13322222
13322223
13322231
13322232
13322233
13322311
13322312
13322313
13322321
13322322
13322323
13322331
13322332
13322333
13323111
13323112
13323113
13323121
13323122
13323123
13323131
13323132
13323133
13323211
13323212
13323213
13323221
13323222
13323223
13323231
13323232
13323233
13323311
13323312
13323313
13323321
13323322
13323323
13323331
13323332
13323333
13331111
13331112
13331113
13331121
13331122
13331123
13331131
13331132
13331133
13331211
13331212
13331213
13331221
13331222
13331223
13331231
13331232
13331233
13331311
13331312
13331313
13331321
13331322
13331323
13331331
13331332
13331333
13332111
13332112
13332113
13332121
13332122
13332123
13332131
13332132
13332133
13332211
13332212
13332213
13332221
13332222
13332223
13332231
13332232
13332233
13332311
13332312
13332313
13332321
13332322
13332323
13332331
13332332
13332333
13333111
13333112
13333113
13333121
13333122
13333123
13333131
13333132
13333133
13333211
13333212
13333213
13333221
13333222
13333223
13333231
13333232
13333233
13333311
13333312
13333313
13333321
13333322
13333323
13333331
13333332
13333333